ref_index
1.301
1.35
1.375
1.385
1.4035
1.407
1.4185
1.42
1.437
1.433
1.443
1.445
1.4507
1.454
1.454
1.4563
1.4563
1.457
1.458
1.459
1.459
1.4591
1.46
1.4613
1.4626
1.4628
1.4638
1.465
1.466
1.4665
1.467
1.467
1.4685
1.4728
1.473
1.4735
1.474
1.474
1.4744
1.4757
1.476
1.4768
1.477
1.479
1.48
1.4813
1.483
1.484
1.485
1.485
1.485
1.4868
1.4893
1.4899
1.4947
1.4975
1.5
1.5
1.5
1.5
1.5
1.502
1.5028
1.505
1.5066
1.5111
1.5119
1.513
1.5135
1.517
1.517
1.52
1.521
1.527
1.527
1.53
1.533
1.532
1.533
1.539
1.542
1.542
1.5426
1.5426
1.547
1.5487
1.554
1.558
1.5672
1.5679
1.5683
1.5706
1.5739
1.575
1.575
1.5775
1.5823
1.5845
1.5874
1.5874
1.592
1.596
1.5964
1.5965
1.5967
1.6
1.608
1.6098
1.612
1.62
1.6248
1.629
1.6298
1.6376
1.64
1.641
1.669
1.6818
1.683
1.71
1.385
1.39
1.463
1.465
1.471
1.471
1.4746
1.4833
1.4889
1.5096
1.5196
1.537
1.6098